189.19251;-187.80413;61.06300;-58.57357;91.07218;-15.09586;36.79650;-45.30433
33.91982;-46.46844;56.91250;-61.63768;91.50139;-21.35977;192.91335;-188.02928
56.13164;-65.89007;37.30100;-45.63519;189.63925;-184.52974;91.12228;-26.00795
61.62316;-67.89637;193.49187;-184.18939;40.93868;-45.79535;90.41717;-33.14783
61.58658;-73.15788;89.24162;-38.76167;187.73367;-184.92565;43.84996;-44.46879
187.73067;-187.19482;45.62550;-43.90746;88.37302;-46.26037;67.43929;-76.54582
67.67564;-81.34465;186.39329;-188.41007;89.33855;-51.14073;50.64478;-45.35452
55.10426;-43.72618;67.52480;-83.15451;87.91937;-58.20863;185.55537;-186.43958
87.16195;-63.14563;61.86005;-43.12095;63.75133;-91.52028;188.30133;-188.20453
61.97650;-44.15984;87.11643;-67.31329;182.34406;-186.69403;67.09133;-93.24149
83.93264;-73.48083;65.20967;-94.16036;177.98627;-184.75489;64.56299;-45.15535
179.83513;-185.66658;63.67609;-99.18853;71.91512;-44.09824;82.45552;-77.42220
178.38025;-184.68144;77.25774;-42.01736;82.02735;-83.79397;62.60504;-103.29103
80.09625;-86.24902;177.96185;-183.25679;62.05032;-108.52489;78.63082;-43.38839
76.70272;-92.61266;175.01106;-183.09284;82.37843;-42.45162;60.04237;-113.01661
175.80644;-184.50571;77.37819;-97.43982;59.74415;-118.58821;88.32966;-40.72289
90.91790;-40.90907;75.44989;-105.10040;173.67049;-181.81030;56.46709;-116.84573
96.71811;-41.08269;174.01229;-181.31725;55.20102;-123.04310;74.48237;-108.04001
170.50729;-179.69864;72.50533;-113.61915;55.27931;-125.73582;99.74192;-42.56424
71.22890;-115.64351;103.43717;-42.32079;169.23621;-180.71073;53.84124;-129.51893
52.47898;-127.87900;70.94924;-122.00925;167.68984;-179.33373;109.41942;-39.65918
66.30483;-123.85653;166.77338;-179.35130;112.78764;-41.96969;48.33336;-130.96349
49.42631;-132.20008;65.04687;-130.47149;167.70611;-172.28353;117.86365;-39.34217
121.24105;-41.58225;48.23685;-138.64076;164.45294;-173.50580;64.98843;-132.55885
62.93865;-137.00299;167.43438;-173.05389;45.24352;-143.53152;128.39793;-41.94010
131.49287;-43.87943;164.69964;-170.90997;61.10759;-141.83903;43.92991;-143.58260
136.00238;-42.28115;165.20525;-173.35798;58.32976;-143.54202;46.86080;-145.64574
58.39217;-148.63584;44.49301;-148.26750;165.67512;-167.21494;134.77346;-42.70796
142.67258;-45.34883;166.02587;-165.26995;45.34100;-152.28107;57.03338;-152.18120
163.91169;-166.70342;45.86264;-154.35861;147.27540;-44.36361;56.35250;-158.92666
45.57278;-156.89496;161.04316;-160.37106;150.55518;-49.82259;52.76558;-163.53018
162.39980;-159.86657;54.07235;-163.17972;153.10690;-52.62687;47.44574;-159.53574
44.11984;-162.58433;156.51879;-57.35648;53.78368;-170.19233;157.89111;-157.86956
51.18697;-170.99181;156.86489;-56.78848;160.92691;-158.87501;47.98011;-167.21454
50.67955;-177.86405;43.20491;-168.00042;155.77353;-156.11548;158.38400;-63.03711
43.59943;-169.64728;46.92695;-179.99080;155.85983;-151.57155;159.50731;-66.63257
45.29218;-181.69583;155.45711;-73.12187;151.03098;-150.20033;40.97329;-175.00738
44.68700;-187.78724;39.83863;-177.38731;158.26686;-76.25068;155.80220;-148.14562
40.41490;-180.92529;43.11461;-189.20544;152.52473;-79.94040;151.05249;-149.22954
151.81602;-83.84986;41.75106;-192.99254;41.49750;-181.43054;145.80878;-145.45308
41.02848;-194.03733;147.92950;-85.94623;39.82227;-185.33169;142.85705;-148.43867
39.76077;-188.21154;144.23771;-141.65488;37.10897;-197.97920;144.56763;-90.32522
143.07280;-92.10848;41.79158;-193.31345;141.90924;-143.38702;35.56230;-199.72138
139.45597;-141.79997;41.36454;-194.14582;37.90560;-202.55728;138.48678;-98.35084
33.80349;-208.38364;137.15491;-137.56481;137.09532;-98.24192;44.16814;-198.01486
136.65563;-99.01832;31.27812;-209.81139;46.42153;-199.41211;133.01724;-138.33611
133.47521;-107.19722;45.30783;-203.32417;30.22434;-212.90878;131.61694;-137.09630
130.98687;-110.06559;29.99498;-214.60940;129.09465;-136.57182;48.56524;-203.30486
29.72139;-219.32841;51.00634;-205.09733;124.91422;-113.66602;130.13602;-135.50988
122.54337;-117.42560;29.12247;-219.99233;51.02780;-206.00519;126.85188;-137.99533
31.07220;-221.31662;56.95748;-209.36203;123.39945;-132.41130;120.70714;-118.12274
115.17857;-118.85143;58.07831;-210.07452;31.56621;-226.78939;123.30419;-135.04529
112.80894;-122.68122;120.40284;-134.75844;60.70739;-209.29542;28.98991;-230.50443
111.14871;-125.78711;66.45558;-212.08560;28.30091;-232.67920;117.41790;-132.77287
29.07847;-231.95515;67.37955;-207.78311;114.38623;-135.49028;105.86541;-126.95322
102.13660;-129.67312;111.43999;-135.14955;29.57747;-237.04558;70.52182;-209.84281
107.77629;-133.70844;74.08093;-207.59631;33.71061;-238.77928;102.57928;-131.57114
74.19234;-207.84745;35.55716;-237.82358;105.67719;-134.65117;99.26558;-132.74895
78.57750;-204.52080;38.33877;-242.73398;98.15618;-134.35012;103.84652;-133.88653
93.05717;-135.96957;84.13048;-204.20696;102.21508;-135.49951;34.26870;-242.69892
39.20068;-244.56400;86.64657;-201.87836;97.41764;-134.98857;87.35287;-139.07629
84.93996;-140.89212;94.19922;-135.48957;87.52533;-201.78304;41.02111;-245.33936
84.75001;-137.86598;93.83690;-135.29509;90.00622;-199.01497;42.01787;-243.54244
91.70229;-195.73525;77.46526;-145.73605;92.44151;-139.08692;42.78128;-246.84170
85.52325;-139.54111;76.29850;-146.30742;44.47190;-247.66439;95.90098;-190.87805
86.32102;-140.07345;100.98595;-191.99409;72.57954;-148.87834;47.37883;-249.78987
46.27859;-247.32330;100.87096;-187.60183;71.84597;-150.79298;82.91086;-145.33953
104.91866;-187.29958;82.17394;-144.40282;50.32863;-249.16953;67.35600;-154.35725
105.60307;-183.31656;81.20429;-148.76228;69.23546;-152.30075;51.82258;-251.34419
109.50539;-182.98458;78.50638;-149.51606;54.33155;-250.27213;66.60374;-157.86056
79.90405;-154.14642;112.63639;-179.70716;54.30218;-249.91203;62.95989;-160.91549
63.36276;-162.13966;77.53989;-155.45882;115.98811;-177.10337;58.68546;-248.92646
60.83569;-166.53774;75.98018;-158.19136;58.02802;-247.94868;116.26377;-179.04352
120.35880;-171.30631;62.67829;-168.51228;58.00149;-248.39076;75.98875;-156.09586
57.74337;-172.24511;62.07184;-246.26967;122.05202;-169.05176;71.70051;-161.29658
126.23391;-166.47856;64.17521;-248.19361;60.57540;-175.20384;74.41384;-164.26365
130.07914;-164.87191;73.48130;-167.47782;54.58577;-173.84004;64.20474;-244.13605
129.10462;-161.44305;66.66126;-239.27945;55.91334;-181.09604;72.46887;-168.78086
131.39803;-158.53849;65.71956;-241.44837;77.15015;-171.01615;57.51888;-181.84845
59.61885;-185.65553;73.04035;-243.13466;134.65316;-152.36032;73.75484;-175.52239
70.82410;-239.78876;73.69088;-177.54473;135.78109;-151.02946;57.38179;-188.86386
74.83969;-179.83202;57.55192;-192.15106;137.81355;-144.86074;75.40375;-237.79210
136.76469;-139.60774;72.24533;-237.93626;53.79526;-192.92517;75.96135;-184.59433
74.94244;-239.19879;59.79251;-192.96980;77.01595;-184.86903;140.78654;-135.67171
77.45425;-186.90893;140.00178;-135.65809;59.28578;-196.71538;77.63283;-234.93021
139.86595;-131.82517;62.14552;-197.80122;75.01925;-190.87866;77.81203;-236.10265
80.34179;-232.96093;140.59445;-124.51730;58.99524;-201.17374;77.72469;-189.95089
60.76778;-204.76105;81.83318;-232.97129;143.41923;-121.81797;75.73499;-190.95499
62.20835;-202.42594;148.53577;-118.93851;80.63453;-227.37532;79.07338;-196.71448
84.34621;-226.54835;80.14270;-197.57549;146.67774;-113.61948;63.65003;-204.23423
80.26941;-200.06528;62.41021;-208.65794;86.64581;-227.66896;148.79387;-111.64935
84.47977;-223.32553;149.96683;-108.82995;83.76237;-202.83203;64.26197;-210.53436
86.87736;-225.17036;67.15678;-210.35298;80.67966;-205.86634;147.83417;-103.14773
84.05970;-205.97121;66.60718;-211.76611;149.29707;-100.10971;85.47551;-221.55451
85.26717;-207.28686;69.58238;-211.97920;151.87504;-98.29826;90.30513;-222.75158
152.61818;-92.15209;84.37362;-209.83040;69.82970;-213.56235;93.67414;-219.09117
70.67075;-214.06188;93.27290;-216.43948;160.37902;-91.11700;83.12964;-213.18856
156.93206;-88.17552;95.17863;-217.09483;87.56489;-211.12261;73.09769;-210.32422
162.06528;-83.11584;75.32271;-212.54901;94.26942;-213.04695;90.99459;-214.39248
91.16464;-213.86804;76.82901;-213.29706;96.78532;-209.96503;160.95513;-81.49993
163.82946;-77.26063;98.20574;-207.88640;92.54208;-216.45811;75.62581;-214.25108
168.65862;-75.70826;96.30912;-219.77408;81.04383;-218.14772;100.21143;-209.80764
97.22209;-219.38138;169.16003;-73.01398;79.23392;-215.23950;104.22425;-206.21705
80.04930;-213.79546;99.60509;-220.76547;171.19031;-71.26244;103.64173;-207.14604
98.01246;-222.54874;175.86389;-69.94159;83.44663;-211.94933;103.84319;-200.58011
83.41754;-212.69581;106.19270;-205.26240;178.71108;-63.99553;102.18932;-224.11617
83.84835;-215.69895;179.52305;-63.71981;100.58959;-225.76979;109.27631;-200.64172
185.27401;-62.92204;85.64476;-214.81489;109.21737;-197.13525;104.05210;-226.21683
102.82656;-227.38711;190.31792;-63.98301;86.43712;-216.09939;113.18201;-194.23630
189.77566;-65.04355;108.75538;-229.57981;86.95601;-215.98045;113.61066;-192.20243
111.48618;-230.73176;118.55790;-189.39277;87.66374;-214.58494;197.31519;-61.30311
113.57235;-232.33945;93.01247;-215.71547;198.48969;-62.66220;117.11766;-189.35556
115.60837;-233.40843;92.12600;-214.66305;117.92455;-186.45034;201.80746;-59.56063
120.15788;-183.36511;92.05676;-218.28371;207.92807;-60.02418;114.42418;-235.42610
96.73043;-215.00411;208.34367;-60.73140;121.32650;-182.91824;119.34537;-232.73180
95.85971;-211.08348;122.70207;-179.16268;214.36172;-62.52727;119.56153;-235.06716
126.10844;-235.41412;214.70617;-63.24716;125.03474;-174.61998;98.94346;-213.58715
97.92952;-213.26267;124.83219;-236.53164;219.07257;-62.37305;124.22187;-173.52612
96.08230;-213.19137;128.45142;-170.05697;223.25165;-62.85331;124.15136;-234.02467
100.69952;-211.52992;127.84727;-234.57420;222.50795;-64.87094;130.47149;-166.89177
129.50124;-163.51142;100.96659;-211.62792;224.46201;-66.29076;131.71019;-234.57898
227.58840;-70.04628;102.49029;-213.34232;133.81474;-159.41639;132.52167;-237.08996
231.79810;-69.42815;133.77770;-236.49646;105.90493;-211.70279;134.98016;-158.61535
137.25000;-156.55135;104.63565;-212.41154;138.75696;-234.70181;234.63853;-72.12889
237.03612;-70.68282;137.46801;-236.73082;105.51707;-212.09278;136.40273;-155.03721
139.35301;-234.81618;140.22305;-151.19789;108.87994;-210.16157;235.88821;-74.31507
111.61802;-211.17207;140.82050;-146.85128;241.83751;-79.87811;143.46764;-237.56383
141.06842;-144.39768;237.98603;-81.53147;109.04954;-207.45417;148.05252;-234.35855
242.28537;-82.86370;144.54535;-234.63903;144.39781;-141.03753;115.49290;-211.01807
147.16950;-142.03141;147.10714;-241.68152;244.06284;-82.63921;115.96602;-210.23122
150.20429;-239.68070;112.37692;-209.56461;146.56599;-135.04879;244.53449;-85.49289
245.09313;-89.02832;153.59181;-239.40083;149.22705;-133.15005;115.72026;-206.77329
155.77712;-237.81151;116.87841;-209.31572;246.52656;-91.22965;150.74320;-131.43610
118.63366;-206.98952;153.45324;-132.06881;248.09081;-93.34185;157.96517;-236.09163
121.59114;-206.65687;160.01927;-236.28103;248.69943;-96.05983;157.65179;-126.11139
161.97356;-235.76889;247.85379;-95.37267;121.22087;-203.94084;153.88545;-120.94684
162.34681;-236.34907;248.30928;-97.75577;154.70656;-122.03992;126.94833;-205.97798
123.45417;-203.53770;163.28862;-237.98886;249.35021;-103.37880;160.14551;-118.42005
248.13875;-102.81922;159.51190;-114.21792;165.73104;-235.42210;126.81755;-201.66204
249.05854;-105.63456;159.05378;-112.71702;170.23779;-238.58593;129.33804;-202.17646
168.51621;-236.43632;250.76147;-110.73362;165.37421;-109.91456;131.21286;-200.62445
172.81655;-236.11296;252.06882;-108.76058;165.35028;-106.65520;131.97660;-200.65964
134.84192;-199.70608;248.88556;-111.31648;165.63214;-104.19822;174.99014;-236.27250
175.67320;-235.70115;248.88360;-114.27243;164.88797;-99.91222;134.36798;-197.62485
136.11678;-196.47263;166.71522;-97.22477;247.95654;-115.34573;180.75802;-233.97856
167.76408;-96.35734;179.97302;-233.47500;138.44265;-194.96901;244.97869;-116.61044
185.79168;-235.84770;248.78483;-116.27583;169.87221;-92.73901;139.46910;-194.74410
187.35991;-234.07769;172.01311;-92.20407;139.66971;-193.73286;248.84050;-118.97960
188.16339;-231.92151;172.57717;-88.29990;139.86185;-191.75003;247.35846;-122.40152
187.58183;-232.30541;144.25081;-187.20047;173.45488;-85.29634;250.17021;-121.00663
249.58825;-124.55701;191.73941;-228.63381;172.71632;-84.10739;146.29989;-187.30858
174.78001;-82.88919;192.64176;-227.39880;245.94060;-123.87822;144.54409;-183.33670
250.96420;-127.47211;192.01781;-223.50662;172.61868;-78.81487;146.18704;-187.31170
244.38105;-128.07396;146.84113;-183.01466;196.45514;-226.79504;177.74403;-75.98412
153.82182;-182.03788;247.23342;-128.55352;200.44855;-223.02016;177.24774;-76.14485
179.26110;-71.71270;201.38229;-220.15376;151.62591;-180.88718;246.25628;-132.27811
199.81229;-220.39340;152.37584;-178.43306;246.63509;-130.56561;181.06481;-70.03602
203.44134;-216.00507;180.34613;-68.12420;246.79651;-133.24561;155.11514;-176.16776
245.20046;-133.82206;180.22152;-67.86728;156.71088;-175.65033;204.86716;-218.00068
248.24756;-137.21499;185.97800;-65.80174;206.30745;-215.91013;157.19182;-174.90372
180.00205;-63.67910;160.37679;-174.52729;247.20137;-136.43031;207.27820;-212.16463
208.70383;-212.26848;185.38758;-61.77731;159.00051;-170.62203;245.53423;-138.64759
160.56906;-168.39325;245.58199;-136.67775;184.50910;-59.85922;209.04432;-208.72469
243.92594;-139.19396;211.76103;-207.54240;184.49438;-59.33799;163.44560;-169.54181
245.58231;-142.49008;186.71741;-57.47986;210.25481;-202.81166;166.41739;-165.19702
215.33877;-197.27735;185.79630;-56.16843;245.92985;-139.09661;163.67007;-165.80656
244.96160;-143.85264;187.36372;-53.14185;215.76502;-199.90419;165.64493;-163.96001
168.60622;-162.58584;187.96313;-51.58967;243.30001;-145.37719;217.10094;-198.31801
167.29653;-160.73126;244.74778;-144.58924;189.47129;-47.60764;215.06273;-190.85325
171.07062;-160.15364;188.74796;-48.89400;245.32105;-146.92406;213.64349;-190.70493
172.23196;-154.42321;191.95698;-48.19271;213.08225;-191.34342;248.14824;-149.42841
245.12304;-151.94047;194.05922;-40.07541;215.85031;-185.61954;173.50397;-155.25146
243.63194;-152.84698;173.82862;-152.83759;196.21507;-43.88166;215.16407;-178.24270
177.25184;-151.30617;198.02285;-40.56131;246.06065;-152.24996;215.89465;-178.56429
218.57013;-172.72097;245.06048;-153.80673;178.95074;-150.79839;199.98588;-36.19839
175.09984;-149.18933;201.01863;-34.40051;215.18558;-171.56031;247.33378;-155.66750
245.98535;-156.56658;177.19742;-144.69642;203.67110;-33.73777;216.07013;-169.65420
213.01163;-170.60650;245.27680;-156.67567;205.18832;-32.73728;178.91983;-144.22286
182.58733;-142.21022;244.28902;-161.04311;215.02665;-163.71501;206.13383;-28.69576
242.69421;-163.20624;182.04565;-140.89628;210.09735;-28.03805;214.11760;-161.88371
182.81235;-139.80659;217.27530;-27.73181;214.19669;-159.24049;242.31959;-163.76129
216.10976;-27.30807;244.98380;-163.65286;210.60889;-159.48970;183.62191;-140.91470
213.29250;-154.61474;218.81244;-29.72088;183.33782;-136.58261;242.55839;-163.58854
185.08757;-134.15444;209.85693;-149.63580;244.17270;-166.77137;220.92273;-28.29254
187.53759;-132.28830;225.82444;-30.34617;243.30730;-171.66308;209.49225;-149.06733
187.61560;-132.57693;243.52809;-172.13885;226.76353;-32.04076;207.94862;-144.59364
188.83344;-129.77576;203.81554;-143.31435;245.21912;-173.31486;232.31475;-33.84656
235.13561;-34.25043;244.88218;-173.65560;192.21068;-128.17949;205.68071;-141.66839
245.53900;-176.82725;191.46295;-124.78455;236.73297;-36.75181;200.92232;-139.88560
237.59575;-39.17030;192.50481;-125.37410;241.65726;-177.74459;198.23618;-135.06159
243.70483;-180.67801;198.59543;-134.27774;194.53114;-124.79617;240.13376;-44.74409
193.07615;-121.55622;242.94452;-179.97301;197.50362;-132.45369;244.04322;-46.67741
193.93154;-119.47342;243.39059;-49.94346;193.69559;-131.22929;244.76354;-182.30665
195.30449;-118.57530;241.04688;-185.03889;246.03829;-53.19789;193.06392;-129.16619
188.39775;-127.31580;243.18327;-184.69772;247.85080;-54.77490;194.93984;-116.01906
186.89803;-125.10017;245.07968;-185.03293;196.73834;-115.54681;249.03413;-59.45612
195.66247;-115.83452;242.59202;-190.63447;251.84804;-60.66031;186.38683;-125.25899
182.75771;-121.45471;241.59092;-192.05122;257.27598;-65.49913;195.59439;-111.01339
198.06181;-108.89344;256.70647;-69.13464;179.55532;-119.33109;241.21070;-192.44042
178.34345;-119.52893;195.84050;-109.44099;253.82517;-71.71269;241.51915;-198.59209
174.41877;-115.54692;243.49229;-198.18549;256.81209;-74.82599;202.52915;-110.00692
254.02726;-80.43250;173.34259;-114.69279;239.98226;-198.77962;202.65219;-107.01033
240.08388;-202.54473;254.84038;-84.25133;174.50258;-116.55538;202.63396;-102.37745
241.03441;-203.44026;250.93523;-89.15603;201.59063;-103.11975;170.65152;-115.06202
240.49584;-206.63087;252.23423;-92.34328;202.11210;-102.49494;169.40163;-114.25779
238.18719;-205.66546;249.04255;-92.61267;166.17511;-110.11139;205.07537;-99.13088
238.39862;-209.08967;163.09973;-108.42957;207.54246;-98.50807;249.03597;-99.56995
205.54309;-98.95095;249.79944;-102.00199;166.81386;-107.10711;240.54988;-212.18656
237.77264;-217.80123;161.87893;-107.20462;248.16576;-105.99109;206.44546;-94.35011
156.17911;-104.39367;236.74555;-218.50073;211.49363;-94.84853;247.29037;-108.79901
208.28193;-92.62056;234.96927;-216.80569;153.76963;-104.32382;245.22302;-109.84376
209.31523;-93.23506;154.29525;-105.94965;244.63651;-112.65846;237.29530;-221.96958
237.78292;-223.34391;151.98225;-102.17727;245.32535;-116.55580;212.37837;-93.09952
146.37399;-106.12208;244.63815;-120.26028;211.64478;-89.28656;235.72937;-226.31996
147.09026;-104.12098;234.86866;-230.14784;212.34152;-86.17873;242.41089;-123.96576
239.64386;-126.92326;144.48008;-101.89997;233.45969;-230.35430;214.63898;-83.45185
240.63004;-130.32499;233.10346;-232.75599;214.94335;-87.02155;143.36201;-101.88640
231.03082;-234.49005;137.73426;-99.86957;219.49288;-83.60554;237.88261;-132.14417
219.16354;-82.89402;229.80517;-238.19590;138.57028;-97.01227;236.59631;-136.35175
228.58432;-242.68609;222.74719;-82.07049;136.50486;-95.44578;232.84251;-136.96376
226.81647;-242.32853;235.17289;-144.32135;135.18679;-94.37582;224.18795;-82.25986
223.25091;-244.72095;224.97508;-82.80293;132.73033;-92.44777;232.73291;-144.58945
233.73198;-149.06433;133.35417;-92.68743;226.56445;-84.57660;221.37329;-246.96222
229.24304;-148.53356;131.60597;-89.63931;225.26538;-85.44573;220.32277;-245.81840
229.45197;-84.52139;131.47433;-91.46167;228.98759;-154.18558;219.07353;-249.13985
230.42041;-87.52222;229.77121;-153.94066;218.11079;-252.64208;131.55595;-86.84979
226.37817;-159.04261;216.37592;-253.73096;129.11826;-86.39254;235.11798;-89.16413
128.49251;-83.38330;211.83518;-252.33277;233.64620;-91.34806;226.09280;-160.34191
209.29025;-253.88462;129.46142;-78.88256;234.64457;-92.93327;223.85739;-160.23011
221.70270;-164.78861;238.23589;-97.30252;127.73460;-78.93432;208.13615;-259.26872
125.53122;-77.72100;237.20689;-99.02405;207.63643;-258.56227;219.59525;-163.53699
219.07055;-166.66456;237.41542;-99.75655;127.93454;-76.25071;204.10725;-258.47167
219.17732;-172.96491;237.13939;-101.87633;127.48853;-74.15402;201.18188;-259.32540
197.71448;-262.63516;239.65449;-103.35970;126.17200;-71.07168;213.32230;-169.13980
195.64277;-259.94241;216.83037;-174.51177;242.60738;-107.54046;127.53765;-70.95990
192.54929;-260.23574;128.44749;-69.46289;214.38933;-176.38566;243.09286;-109.00983
244.40372;-112.60048;214.04874;-179.49652;129.42458;-68.97874;193.05434;-261.60256
129.52579;-64.09672;191.09599;-264.89684;245.08994;-115.42240;211.48976;-181.91679
184.68417;-264.94686;208.92234;-185.31155;128.28532;-62.73414;246.43871;-114.78568
128.95225;-62.11394;185.64685;-265.20810;248.05535;-115.81945;206.86533;-186.77185
245.64166;-119.92051;131.37259;-60.41233;182.19503;-263.05785;207.94856;-189.78499
179.77969;-262.41151;132.84159;-58.52407;246.85979;-121.31262;207.22510;-190.12164
176.09644;-263.23731;201.55959;-194.39560;249.64764;-123.79536;135.88895;-59.92100
133.64195;-56.41187;249.11918;-127.31770;174.12907;-262.21238;208.42901;-197.78850
132.36873;-57.83846;168.17470;-261.77838;252.26320;-129.51585;203.06030;-199.55154
252.27447;-130.57901;202.65130;-203.14471;167.06255;-263.74665;132.96430;-54.83451
202.59556;-205.69700;253.46236;-133.07111;166.06253;-260.02633;133.19325;-54.95239
135.75014;-51.84337;254.65691;-137.99346;202.20443;-209.04021;164.06455;-260.65814
202.14087;-212.51161;254.50881;-139.62436;163.19365;-254.63518;137.76240;-51.16092
201.67365;-216.80911;257.88872;-144.94002;136.60670;-51.67107;160.01157;-254.80116
205.69825;-215.67212;157.79575;-256.97989;139.31380;-47.64936;259.54602;-144.73456
204.42565;-226.17351;139.29632;-45.29434;256.01187;-150.30498;155.97391;-252.47254
258.40672;-148.59819;202.26402;-225.58905;155.27806;-250.48806;141.55023;-46.48354
142.64539;-45.64549;260.34490;-154.67105;149.95983;-247.71618;205.54956;-225.72472
142.77738;-42.23448;261.56987;-160.68902;203.72643;-229.00053;153.50378;-246.41492
152.15338;-243.95993;204.88753;-233.40700;261.19266;-161.28652;142.92851;-43.52878
150.90791;-242.60094;262.33583;-162.62997;144.38488;-39.28240;202.94654;-236.37999
261.19086;-167.95756;207.70402;-241.71889;147.18847;-40.58898;150.61763;-241.15741
